1395
1788
1005
666
43
678
819
1633
23
596
1062
1675
1940
592
173
413
974
367
1581
447
505
1774
1470
824
856
1405
31
1121
1137
583
423
797
1123
1637
1164
1258
11
788
609
247
52
1082
784
1130
230
1100
1614
1717
1814
1494
556
1782
1801
1228
78
1672
973
1019
1830
1915
588
223
1763
582
1532
159
399
1060
945
527
1958
1893
1859
1541
378
1780
137
1922
1900
888
608
908
105
44
131
610
1498
78
169
1600
452
910
416
992
1711
301
430
1670
1215
1809
1126
1033
1100
1476
925
1872
1867
302
387
1525
865
538
373
1179
423
308
1226
1019
1540
1807
241
1141
238
841
928
1172
1182
1697
957
1107
116
359
1446
274
579
1303
1021
1035
841
641
1894
429
1171
1093
1272
880
401
1916
240
1917
698
1637
232
1593
1101
1284
99
1586
198
1200
1807
418
144
1649
443
1733
17
530
181
858
753
1748
1082
766
1060
1069
1013
1812
461
1883
651
378
299
1513
15
73
1617
1579
484
696
314
213
1907
1476
825
802
1461
1813
1207
1196
1148
830
507
21
455
244
840
1301
1298
108
476
1445
1310
586
1984
612
538
1161
235
1070
1325
1822
1915
1608
399
956
1953
941
994
1783
569
721
780
599
1095
54
1137
74
1534
1767
947
1237
196
512
75
43
672
1347
879
1967
524
1659
1995
758
45
7
3
504
1580
1091
1936
221
277
1313
269
508
1999
599
129
952
1363
1416
1904
750
1464
1285
248
802
458
849
939
377
1277
627
1872
1754
1183
714
1337
1638
1227
1787
1504
583
1446
87
1505
1998
125
13
1599
1480
364
1460
1072
1904
974
1873
196
1499
1299
1650
52
1976
1382
787
1456
136
379
899
1805
1567
1490
1063
544
869
233
1518
845
755
1331
127
1376
962
1805
1102
1309
338
472
369
1518
397
208
920
1918
1539
1489
687
1846
123
1574
1953
841
346
689
323
942
1798
9
735
983
499
122
757
411
1823
1801
1609
1703
642
1650
359
306
867
170
1182
1118
180
306
1355
264
1123
36
614
1385
470
423
1485
1516
1072
1486
1213
832
199
1922
1438
314
1438
79
1640
1198
1660
380
1850
1564
1453
505
647
1035
1281
1869
428
1030
112
918
485
1118
1108
875
1164
1695
1594
1118
1188
1812
87
485
1553
976
1479
1208
18
1829
1197
261
1345
864
799
1483
1872
289
1136
1840
739
1321
490
622
162
1407
752
1382
872
959
831
1633
994
1681
1633
844
1150
1390
1181
1807
876
1331
1331
1659
1962
769
266
1203
1920
1273
1524
1785
749
1595
724
1004
1142
1153
829
201
1349
9
819
1356
1046
1595
1176
1984
1274
767
1411
323
1879
454
608
394
754
151
12
1534
847
1357
1982
1967
59
1936
640
1210
253
1126
1286
1677
149
14
1729
97
436
657
632
148
643
1652
1878
727
459
658
776
612
1446
557
1061
784
645
358
1568
1132
169
1096
1853
1670
1629
1562
111
1161
642
1841
1326
1497
777
586
1323
1232
591
1950
1556
1987
751
1955
602
1485
1142
1490
678
127
992
1760
669
1212
1161
851
1703
780
1635
895
1939
254
1243
1490
1530
956
607
370
933
1228
1733
1488
122
672
246
1583
1380
1096
1490
1719
217
179
1180
1248
993
1133
670
99
1834
30
762
172
85
1219
83
1862
571
543
1606
1040
1389
1286
1211
314
253
93
1386
400
1764
1387
767
1730
38
1035
804
1293
1723
1774
1597
1478
877
1619
114
1902
1768
1816
1988
1368
1879
93
523
163
234
540
189
437
1134
1998
1616
171
75
1055
455
1157
360
1218
1721
156
1278
1237
1727
1909
395
1350
1937
1220
955
738
658
616
321
1503
436
1626
1496
1173
1261
699
1731
248
899
1401
725
344
1668
1124
993
1504
1068
149
797
1784
1047
116
1908
1159
404
718
1517
1419
125
670
1269
1720
1637
1604
670
1838
1222
1688
1140
1102
216
1696
1205
827
1879
394
559
153
838
516
38
1048
1162
996
391
551
86
283
475
188
686
1994
1916
205
1167
1207
1049
625
1509
276
1187
649
1720
1475
1152
1614
1293
1086
893
1641
251
1033
72
932
1522
1108
792
995
1733
1638
1418
911
767
190
27
651
1138
1887
621
1029
1076
924
472
1761
641
196
1726
1380
1099
1303
568
1845
306
1057
1598
1410
1344
959
161
19
86
192
1185
145
737
1539
255
1123
1580
275
1942
1036
1365
54
1419
43
554
21
632
673
1601
163
651
1908
1032
909
93
216
1094
1143
877
1903
725
1987
1681
449
1786
157
1950
267
935
242
1040
1820
1232
1143
220
1202
1483
1427
1378
1717
707
1415
543
1866
454
143
1741
1214
1398
1530
1525
935
334
1084
210
1592
349
94
1171
876
553
645
404
618
1590
1486
1513
1416
1857
493
362
1045
315
1912
1189
377
1545
661
681
896
1238
84
1013
1295
1882
890
1192
887
123
1231
1262
843
928
95
99
470
1738
1657
974
1677
1318
361
1218
1770
240
826
1220
1703
1971
55
1286
68
1767
498
1812
1395
1890
49
400
1967
84
457
1854
803
234
725
1458
1447
1950
1166
1316
153
1196
1092
1734
1817
133
1741
370
1137
40
186
1242
263
343
956
1348
639
1053
840
736
335
517
538
500
1015
609
1347
1599
551
1952
1428
447
1770
986
425
7
1907
1378
671
633
806
1328
1409
332
1704
817
923
223
883
859
1289
461
1682
578
1546
795
1274
5
